1
0.6559591293334961
0.7689769864082336
3.5082956539866927
0.5770272612571716
0.7508375644683838
0.04764081537723541
0.5055112838745117
0.6979484558105469
0.07534526288509369
0.45103365182876587
0.6476428508758545
0.10174311697483063
0.405410498380661
0.6180813908576965
0.1290450543165207
0.5508588552474976
0.5442706942558289
0.03239670395851135
0.5110086798667908
0.4484211206436157
0.056534379720687866
0.4887393116950989
0.39049744606018066
0.07836159318685532
0.47218218445777893
0.3383968770503998
0.09544020146131516
0.5913392305374146
0.5153694152832031
0.031430140137672424
0.5586299300193787
0.40363365411758423
0.04941678047180176
0.5394433736801147
0.33551743626594543
0.07488356530666351
0.5266236066818237
0.2764112055301666
0.09672028571367264
0.6331473588943481
0.5127354860305786
0.03678800165653229
0.6141740679740906
0.4087751805782318
0.05539777874946594
0.6030821800231934
0.34308746457099915
0.08243989199399948
0.5941001176834106
0.28601229190826416
0.10353751480579376
0.6782737970352173
0.5320023894309998
0.04843137413263321
0.6829554438591003
0.4513227641582489
0.06601206213235855
0.6877008676528931
0.4018571376800537
0.0830727070569992
0.6915973424911499
0.357330858707428
0.09702175110578537